%
C12 = [  0.011306649026227244547726513701491057873
         0                                        
        -0.061053507687467117870383503941411618143
         0                                        
         0.300170216623796559662906702214968390763
         0.5                                      
         0.300170216623796559662906702214968390763
         0                                        
        -0.061053507687467117870383503941411618143
         0                                        
         0.011306649026227244547726513701491057873
    ];

%%
C_12 = [-0.000629029904804874278288762123878541388
         0.002107506682529815961180119643358921167
         0.009769424393996967506681450288397172699
         0.017593049813673832665328333746401767712
         0.012843755505269938838042165230035607237
        -0.012627644885578369685075195150147919776
        -0.044862786929639922317569755705335410312
        -0.046394564929316491064259508902978268452
         0.016965155014463630805954252878109400626
         0.138958070823294754791987770659034140408
         0.262501655114932785917147839427343569696
         0.314747727860292425550170491987955756485
         0.262501655114932785917147839427343569696
         0.138958070823294754791987770659034140408
         0.016965155014463630805954252878109400626
        -0.046394564929316491064259508902978268452
        -0.044862786929639922317569755705335410312
        -0.012627644885578369685075195150147919776
         0.012843755505269938838042165230035607237
         0.017593049813673832665328333746401767712
         0.009769424393996967506681450288397172699
         0.002107506682529815961180119643358921167
        -0.000629029904804874278288762123878541388
        ];
    C_21 = [0.124945776641275999030433752068347530439
        0.375073334766076349477970097723300568759
        0.375073334766076349477970097723300568759
        0.124945776641275999030433752068347530439
        ];
C_22 = [0.004039842724230550616293378141108405543
        0.016094459825129983632230334933410631493
        0.040137650502153711384867307288004667498
        0.075392892768322825047810908927203854546
        0.11459605453938313812667360025443485938 
        0.145784685986429657367224876907130237669
        0.157714135834187058060607000697928015143
        0.145784685986429657367224876907130237669
        0.11459605453938313812667360025443485938 
        0.075392892768322825047810908927203854546
        0.040137650502153711384867307288004667498
        0.016094459825129983632230334933410631493
        0.004039842724230550616293378141108405543
        ];
C_23 = [-0.000479192931272908807013161114340960012
        -0.000072723853637878389626070241291699858
        -0.000036103392744609135844163771977832766
         0.00003575279034205808108282109714082253 
         0.00014790493493835495109056665796742891 
         0.000304112943945222813368900460773147643
         0.000506793452228953894209140251803091815
         0.000755838030299164323651261998548989141
         0.00104879988704490714410133556100390706 
         0.00137985167286127936164819018927119032 
         0.001740034415211214264065930912295243616
         0.002116426751435406330981159328530338826
         0.002492902336683070277367768596832320327
         0.002849857612766277300403450212229472527
         0.003165705677072542557903833682075855904
         0.003416508255707130341238819681848326582
         0.003577757644663691338760003191055147909
         0.003623996085742632600190660241423756815
         0.003534039964523561384163174992067979474
         0.003287501508203003516145335183296083414
         0.002869255251395756017851468300250417087
         0.002270981231546505968443838696657621767
         0.001490624839098312172727678337480483606
         0.000535653304122712774215653297460448812
        -0.000577820626476173394500679414420574176
        -0.001823270148381693749745080523894102953
        -0.003164479264589253708350735649901253055
        -0.004555187842921359919756696399417705834
        -0.005940473885998867956126368028435535962
        -0.007257613780874238099127815360134263756
        -0.008438303433676136097729703067216178169
        -0.009410252466431418688630472502154589165
        -0.01010016363126070224054409152358857682 
        -0.010436268305872329481553961727513524238
        -0.010351833218156639843110511378654337022
        -0.009787210557398652588378951122649596073
        -0.008693561325433953046459834013148793019
        -0.007035575047789703259648597111208800925
        -0.004793105747594329953120695364532366511
        -0.001964090587874679424973400898579711793
         0.001435040190052373201487490028682714183
         0.005368114669522409954094399608948151581
         0.009779464148212749230459905902534956113
         0.014594817482177866591053216893669741694
         0.019722709001299090769698807434906484559
         0.025056976620729722732283661912333627697
         0.030479578519650420143083380253301584162
         0.035864066087954643569091217614186462015
         0.041079594425719914707606505999137880281
         0.045995235180426571885980990828102221712
         0.05048418871523578654869623960621538572 
         0.054428030280660913420298641085537383333
         0.057720945466001712109704868680637446232
         0.060273514944151063144062163701164536178
         0.062015468812332719128477265257970429957
         0.062898768664882670487159543881716672331
         0.062898768664882670487159543881716672331
         0.062015468812332719128477265257970429957
         0.060273514944151063144062163701164536178
         0.057720945466001712109704868680637446232
         0.054428030280660913420298641085537383333
         0.05048418871523578654869623960621538572 
         0.045995235180426571885980990828102221712
         0.041079594425719914707606505999137880281
         0.035864066087954643569091217614186462015
         0.030479578519650420143083380253301584162
         0.025056976620729722732283661912333627697
         0.019722709001299090769698807434906484559
         0.014594817482177866591053216893669741694
         0.009779464148212749230459905902534956113
         0.005368114669522409954094399608948151581
         0.001435040190052373201487490028682714183
        -0.001964090587874679424973400898579711793
        -0.004793105747594329953120695364532366511
        -0.007035575047789703259648597111208800925
        -0.008693561325433953046459834013148793019
        -0.009787210557398652588378951122649596073
        -0.010351833218156639843110511378654337022
        -0.010436268305872329481553961727513524238
        -0.01010016363126070224054409152358857682 
        -0.009410252466431418688630472502154589165
        -0.008438303433676136097729703067216178169
        -0.007257613780874238099127815360134263756
        -0.005940473885998867956126368028435535962
        -0.004555187842921359919756696399417705834
        -0.003164479264589253708350735649901253055
        -0.001823270148381693749745080523894102953
        -0.000577820626476173394500679414420574176
         0.000535653304122712774215653297460448812
         0.001490624839098312172727678337480483606
         0.002270981231546505968443838696657621767
         0.002869255251395756017851468300250417087
         0.003287501508203003516145335183296083414
         0.003534039964523561384163174992067979474
         0.003623996085742632600190660241423756815
         0.003577757644663691338760003191055147909
         0.003416508255707130341238819681848326582
         0.003165705677072542557903833682075855904
         0.002849857612766277300403450212229472527
         0.002492902336683070277367768596832320327
         0.002116426751435406330981159328530338826
         0.001740034415211214264065930912295243616
         0.00137985167286127936164819018927119032 
         0.00104879988704490714410133556100390706 
         0.000755838030299164323651261998548989141
